0.5 0.866025
1 1.73205
1.5 2.59808
2 3.4641
2.5 4.33013
3 5.19615
4 6.9282
4.5 7.79423
5.5 9.52628
6 10.3923
7 12.1244
7.5 12.9904
8 13.8564
8.5 14.7224
10 17.3205
10.5 18.1865
11 19.0526
11.5 19.9186
1 0
1.5 0.866025
2 1.73205
2.5 2.59808
3 3.4641
3.5 4.33013
4.5 6.06218
5.5 7.79423
6.5 9.52628
7.5 11.2583
8 12.1244
8.5 12.9904
9 13.8564
9.5 14.7224
10 15.5885
10.5 16.4545
11.5 18.1865
12 19.0526
12.5 19.9186
13 20.7846
2 0
2.5 0.866025
4 3.4641
5 5.19615
5.5 6.06218
6 6.9282
6.5 7.79423
7 8.66025
7.5 9.52628
8 10.3923
9 12.1244
9.5 12.9904
10 13.8564
11 15.5885
12 17.3205
12.5 18.1865
13 19.0526
13.5 19.9186
14 20.7846
3 0
3.5 0.866025
4 1.73205
4.5 2.59808
5 3.4641
5.5 4.33013
6 5.19615
6.5 6.06218
7.5 7.79423
8 8.66025
8.5 9.52628
9 10.3923
11 13.8564
11.5 14.7224
12.5 16.4545
13 17.3205
14.5 19.9186
15 20.7846
5 1.73205
5.5 2.59808
6 3.4641
7 5.19615
7.5 6.06218
8 6.9282
9 8.66025
9.5 9.52628
10 10.3923
10.5 11.2583
11 12.1244
11.5 12.9904
12.5 14.7224
13 15.5885
14 17.3205
15 19.0526
15.5 19.9186
16 20.7846
5 0
6 1.73205
6.5 2.59808
7.5 4.33013
8 5.19615
8.5 6.06218
9 6.9282
9.5 7.79423
10 8.66025
10.5 9.52628
11.5 11.2583
12 12.1244
12.5 12.9904
13.5 14.7224
14 15.5885
14.5 16.4545
15 17.3205
15.5 18.1865
17 20.7846
7 1.73205
8 3.4641
8.5 4.33013
9 5.19615
10 6.9282
10.5 7.79423
11 8.66025
11.5 9.52628
12 10.3923
12.5 11.2583
13 12.1244
13.5 12.9904
14 13.8564
15 15.5885
15.5 16.4545
16 17.3205
16.5 18.1865
17 19.0526
17.5 19.9186
18 20.7846
7 0
7.5 0.866025
8 1.73205
8.5 2.59808
9.5 4.33013
10 5.19615
10.5 6.06218
11.5 7.79423
12.5 9.52628
13 10.3923
13.5 11.2583
14.5 12.9904
17 17.3205
17.5 18.1865
18 19.0526
18.5 19.9186
19 20.7846
8 0
8.5 0.866025
9.5 2.59808
10 3.4641
10.5 4.33013
11 5.19615
11.5 6.06218
12 6.9282
12.5 7.79423
13 8.66025
13.5 9.52628
14.5 11.2583
15 12.1244
15.5 12.9904
16 13.8564
16.5 14.7224
17 15.5885
17.5 16.4545
18 17.3205
18.5 18.1865
9 0
9.5 0.866025
10 1.73205
10.5 2.59808
11 3.4641
11.5 4.33013
12 5.19615
12.5 6.06218
14 8.66025
15 10.3923
15.5 11.2583
16 12.1244
16.5 12.9904
17 13.8564
17.5 14.7224
18.5 16.4545
19 17.3205
19.5 18.1865
20 19.0526
21 20.7846
10.5 0.866025
12.5 4.33013
13 5.19615
13.5 6.06218
15 8.66025
15.5 9.52628
16 10.3923
16.5 11.2583
17 12.1244
17.5 12.9904
18 13.8564
18.5 14.7224
19 15.5885
20 17.3205
20.5 18.1865
21 19.0526
11.5 0.866025
12 1.73205
13.5 4.33013
14 5.19615
14.5 6.06218
15 6.9282
15.5 7.79423
17.5 11.2583
18 12.1244
18.5 12.9904
19 13.8564
20 15.5885
20.5 16.4545
21 17.3205
22 19.0526
22.5 19.9186
23 20.7846
12.5 0.866025
13 1.73205
14 3.4641
14.5 4.33013
15.5 6.06218
16 6.9282
17.5 9.52628
18 10.3923
19 12.1244
22.5 18.1865
23 19.0526
23.5 19.9186
24 20.7846
13 0
13.5 0.866025
14 1.73205
14.5 2.59808
15 3.4641
15.5 4.33013
16 5.19615
16.5 6.06218
17.5 7.79423
18 8.66025
18.5 9.52628
20 12.1244
20.5 12.9904
21 13.8564
21.5 14.7224
22 15.5885
22.5 16.4545
23 17.3205
23.5 18.1865
24.5 19.9186
25 20.7846
14 0
14.5 0.866025
15.5 2.59808
16 3.4641
18.5 7.79423
19 8.66025
19.5 9.52628
22 13.8564
22.5 14.7224
23.5 16.4545
25 19.0526
25.5 19.9186
26 20.7846
15.5 0.866025
16 1.73205
17 3.4641
18 5.19615
18.5 6.06218
19 6.9282
19.5 7.79423
20.5 9.52628
21 10.3923
21.5 11.2583
22 12.1244
23.5 14.7224
24 15.5885
24.5 16.4545
25 17.3205
16.5 0.866025
17 1.73205
18 3.4641
18.5 4.33013
19.5 6.06218
20 6.9282
20.5 7.79423
21 8.66025
21.5 9.52628
22 10.3923
23 12.1244
23.5 12.9904
24 13.8564
24.5 14.7224
25 15.5885
26 17.3205
27 19.0526
27.5 19.9186
28 20.7846
17 0
17.5 0.866025
18 1.73205
19 3.4641
20 5.19615
20.5 6.06218
21.5 7.79423
22 8.66025
22.5 9.52628
23 10.3923
24 12.1244
24.5 12.9904
25 13.8564
25.5 14.7224
26 15.5885
27 17.3205
27.5 18.1865
28 19.0526
28.5 19.9186
29 20.7846
18 0
18.5 0.866025
19 1.73205
19.5 2.59808
20.5 4.33013
21 5.19615
21.5 6.06218
22.5 7.79423
23.5 9.52628
24 10.3923
24.5 11.2583
25.5 12.9904
26 13.8564
26.5 14.7224
27 15.5885
27.5 16.4545
28 17.3205
28.5 18.1865
29.5 19.9186
30 20.7846
19 0
19.5 0.866025
20 1.73205
21 3.4641
21.5 4.33013
22 5.19615
22.5 6.06218
23.5 7.79423
24 8.66025
24.5 9.52628
25 10.3923
27 13.8564
27.5 14.7224
28 15.5885
28.5 16.4545
29 17.3205
29.5 18.1865
30 19.0526
30.5 19.9186
20 0
20.5 0.866025
21 1.73205
21.5 2.59808
22.5 4.33013
23 5.19615
23.5 6.06218
24.5 7.79423
26 10.3923
27 12.1244
27.5 12.9904
28 13.8564
29 15.5885
29.5 16.4545
30 17.3205
30.5 18.1865
31 19.0526
31.5 19.9186
32 20.7846
21 0
21.5 0.866025
22 1.73205
22.5 2.59808
23 3.4641
23.5 4.33013
24 5.19615
25.5 7.79423
26 8.66025
26.5 9.52628
27 10.3923
27.5 11.2583
28 12.1244
28.5 12.9904
29 13.8564
29.5 14.7224
30 15.5885
30.5 16.4545
31.5 18.1865
32.5 19.9186
22.5 0.866025
23.5 2.59808
24 3.4641
24.5 4.33013
25 5.19615
25.5 6.06218
26 6.9282
26.5 7.79423
27 8.66025
27.5 9.52628
28 10.3923
28.5 11.2583
29.5 12.9904
30 13.8564
30.5 14.7224
31 15.5885
31.5 16.4545
32 17.3205
32.5 18.1865
33 19.0526
33.5 19.9186
34 20.7846
23 0
23.5 0.866025
24 1.73205
24.5 2.59808
25 3.4641
25.5 4.33013
28 8.66025
30 12.1244
31 13.8564
31.5 14.7224
33 17.3205
33.5 18.1865
34 19.0526
34.5 19.9186
35 20.7846
24.5 0.866025
25 1.73205
26.5 4.33013
27 5.19615
27.5 6.06218
28 6.9282
29 8.66025
30.5 11.2583
31 12.1244
31.5 12.9904
32 13.8564
32.5 14.7224
33 15.5885
33.5 16.4545
34 17.3205
34.5 18.1865
35 19.0526
36 20.7846
