0 0
0.5 0.866025
1 1.73205
2 3.4641
2.5 4.33013
3 5.19615
3.5 6.06218
4.5 7.79423
5.5 9.52628
6.5 11.2583
7.5 12.9904
8.5 14.7224
9 15.5885
9.5 16.4545
10.5 18.1865
11 19.0526
12 20.7846
1 0
1.5 0.866025
3 3.4641
4 5.19615
5 6.9282
5.5 7.79423
6 8.66025
6.5 9.52628
7 10.3923
7.5 11.2583
8 12.1244
9 13.8564
10.5 16.4545
11 17.3205
11.5 18.1865
12.5 19.9186
13 20.7846
2 0
3 1.73205
3.5 2.59808
4.5 4.33013
5.5 6.06218
6.5 7.79423
7 8.66025
8 10.3923
8.5 11.2583
9.5 12.9904
10 13.8564
11 15.5885
14 20.7846
3 0
3.5 0.866025
4 1.73205
4.5 2.59808
5 3.4641
5.5 4.33013
7 6.9282
7.5 7.79423
8 8.66025
8.5 9.52628
9 10.3923
10 12.1244
11 13.8564
12 15.5885
12.5 16.4545
13 17.3205
13.5 18.1865
14 19.0526
4 0
5 1.73205
5.5 2.59808
6.5 4.33013
7 5.19615
7.5 6.06218
8 6.9282
8.5 7.79423
9 8.66025
10 10.3923
10.5 11.2583
11.5 12.9904
12 13.8564
12.5 14.7224
13.5 16.4545
14 17.3205
16 20.7846
5 0
5.5 0.866025
6 1.73205
6.5 2.59808
7 3.4641
7.5 4.33013
8 5.19615
9 6.9282
9.5 7.79423
10 8.66025
10.5 9.52628
11 10.3923
12 12.1244
13.5 14.7224
14 15.5885
15.5 18.1865
16 19.0526
16.5 19.9186
17 20.7846
6.5 0.866025
7 1.73205
7.5 2.59808
8 3.4641
8.5 4.33013
9.5 6.06218
10 6.9282
10.5 7.79423
11.5 9.52628
12 10.3923
12.5 11.2583
13.5 12.9904
14.5 14.7224
15 15.5885
15.5 16.4545
16.5 18.1865
17 19.0526
17.5 19.9186
18 20.7846
7 0
8.5 2.59808
9 3.4641
10 5.19615
10.5 6.06218
11.5 7.79423
12 8.66025
13 10.3923
13.5 11.2583
14 12.1244
14.5 12.9904
16 15.5885
17 17.3205
18 19.0526
18.5 19.9186
8 0
8.5 0.866025
9 1.73205
9.5 2.59808
10 3.4641
10.5 4.33013
11 5.19615
11.5 6.06218
12 6.9282
12.5 7.79423
13.5 9.52628
14 10.3923
14.5 11.2583
15 12.1244
15.5 12.9904
17 15.5885
17.5 16.4545
18.5 18.1865
19 19.0526
20 20.7846
9 0
9.5 0.866025
10 1.73205
10.5 2.59808
11 3.4641
11.5 4.33013
12 5.19615
13 6.9282
13.5 7.79423
14 8.66025
15 10.3923
15.5 11.2583
16 12.1244
17.5 14.7224
18 15.5885
19 17.3205
19.5 18.1865
20.5 19.9186
21 20.7846
10 0
11.5 2.59808
12 3.4641
12.5 4.33013
13 5.19615
14 6.9282
14.5 7.79423
15 8.66025
15.5 9.52628
16.5 11.2583
17 12.1244
17.5 12.9904
18 13.8564
18.5 14.7224
20 17.3205
21 19.0526
21.5 19.9186
22 20.7846
11.5 0.866025
12 1.73205
12.5 2.59808
13 3.4641
13.5 4.33013
14 5.19615
14.5 6.06218
15 6.9282
15.5 7.79423
16 8.66025
16.5 9.52628
17 10.3923
17.5 11.2583
18 12.1244
19 13.8564
19.5 14.7224
20 15.5885
20.5 16.4545
21 17.3205
21.5 18.1865
22.5 19.9186
12 0
13 1.73205
13.5 2.59808
14 3.4641
15.5 6.06218
17 8.66025
17.5 9.52628
19 12.1244
19.5 12.9904
20 13.8564
21 15.5885
22 17.3205
22.5 18.1865
23 19.0526
23.5 19.9186
13 0
13.5 0.866025
14 1.73205
14.5 2.59808
15 3.4641
16 5.19615
16.5 6.06218
17 6.9282
17.5 7.79423
18 8.66025
18.5 9.52628
19 10.3923
19.5 11.2583
20 12.1244
20.5 12.9904
22 15.5885
22.5 16.4545
23 17.3205
23.5 18.1865
24 19.0526
24.5 19.9186
25 20.7846
14 0
15 1.73205
15.5 2.59808
16 3.4641
17 5.19615
17.5 6.06218
18 6.9282
18.5 7.79423
19 8.66025
19.5 9.52628
20.5 11.2583
21.5 12.9904
22.5 14.7224
23 15.5885
25 19.0526
15.5 0.866025
16.5 2.59808
18 5.19615
18.5 6.06218
19.5 7.79423
20 8.66025
20.5 9.52628
21 10.3923
21.5 11.2583
23 13.8564
23.5 14.7224
24 15.5885
24.5 16.4545
25 17.3205
25.5 18.1865
26 19.0526
26.5 19.9186
16 0
17 1.73205
18 3.4641
18.5 4.33013
19 5.19615
19.5 6.06218
20 6.9282
20.5 7.79423
21.5 9.52628
22 10.3923
23 12.1244
24.5 14.7224
25 15.5885
25.5 16.4545
26 17.3205
27.5 19.9186
28 20.7846
17 0
18 1.73205
18.5 2.59808
19 3.4641
19.5 4.33013
20.5 6.06218
21 6.9282
22 8.66025
22.5 9.52628
23 10.3923
23.5 11.2583
24 12.1244
24.5 12.9904
25 13.8564
25.5 14.7224
26 15.5885
27 17.3205
27.5 18.1865
28 19.0526
28.5 19.9186
29 20.7846
18 0
19 1.73205
19.5 2.59808
20 3.4641
20.5 4.33013
21 5.19615
22 6.9282
22.5 7.79423
23 8.66025
24 10.3923
26 13.8564
26.5 14.7224
27 15.5885
27.5 16.4545
28 17.3205
28.5 18.1865
29 19.0526
30 20.7846
19.5 0.866025
20 1.73205
21 3.4641
21.5 4.33013
22 5.19615
22.5 6.06218
23 6.9282
24 8.66025
24.5 9.52628
25 10.3923
25.5 11.2583
27 13.8564
28 15.5885
28.5 16.4545
29 17.3205
29.5 18.1865
30 19.0526
30.5 19.9186
20 0
20.5 0.866025
21 1.73205
21.5 2.59808
22 3.4641
22.5 4.33013
23 5.19615
23.5 6.06218
24 6.9282
24.5 7.79423
25 8.66025
26 10.3923
26.5 11.2583
27 12.1244
28 13.8564
28.5 14.7224
29 15.5885
29.5 16.4545
30 17.3205
30.5 18.1865
31 19.0526
31.5 19.9186
32 20.7846
21 0
22 1.73205
22.5 2.59808
23 3.4641
24 5.19615
25 6.9282
26 8.66025
27 10.3923
27.5 11.2583
28 12.1244
28.5 12.9904
29 13.8564
29.5 14.7224
30 15.5885
30.5 16.4545
31 17.3205
32 19.0526
32.5 19.9186
22 0
22.5 0.866025
23.5 2.59808
24.5 4.33013
25.5 6.06218
26 6.9282
26.5 7.79423
27 8.66025
27.5 9.52628
28 10.3923
28.5 11.2583
29 12.1244
29.5 12.9904
30 13.8564
30.5 14.7224
31 15.5885
31.5 16.4545
32 17.3205
32.5 18.1865
33 19.0526
33.5 19.9186
23 0
23.5 0.866025
24 1.73205
25 3.4641
26 5.19615
26.5 6.06218
27 6.9282
27.5 7.79423
28 8.66025
28.5 9.52628
29 10.3923
29.5 11.2583
31 13.8564
31.5 14.7224
32 15.5885
32.5 16.4545
33 17.3205
33.5 18.1865
34 19.0526
34.5 19.9186
24.5 0.866025
25 1.73205
26 3.4641
26.5 4.33013
27 5.19615
27.5 6.06218
28 6.9282
28.5 7.79423
30 10.3923
30.5 11.2583
31 12.1244
31.5 12.9904
32 13.8564
32.5 14.7224
33 15.5885
33.5 16.4545
34 17.3205
34.5 18.1865
35 19.0526
36 20.7846
