3 5.19615
3.5 6.06218
8 13.8564
131 5.19615
193 1.73205
196 6.9282
261.5 9.52628
262.5 11.2583
322 3.4641
326 10.3923
385.5 2.59808
451 5.19615
459.5 19.9186
521.5 16.4545
588 20.7846
649 15.5885
650.5 18.1865
652 20.7846
770 3.4641
771.5 6.06218
839.5 12.9904
899.5 6.06218
904.5 14.7224
961.5 2.59808
972 20.7846
1030 10.3923
1032 13.8564
1032.5 14.7224
1034 17.3205
1093.5 9.52628
1153.5 2.59808
1163 19.0526
1226.5 18.1865
1281 1.73205
1284.5 7.79423
1289 15.5885
1344 0
1416 13.8564
1418 17.3205
1419.5 19.9186
1474.5 4.33013
1481.5 16.4545
