0 0
1.5 2.59808
2 3.4641
2.5 4.33013
3 5.19615
3.5 6.06218
4 6.9282
5 8.66025
5.5 9.52628
6.5 11.2583
7 12.1244
7.5 12.9904
8 13.8564
9 15.5885
9.5 16.4545
10 17.3205
10.5 18.1865
11 19.0526
11.5 19.9186
12 20.7846
1.5 0.866025
2.5 2.59808
3 3.4641
3.5 4.33013
4.5 6.06218
5 6.9282
5.5 7.79423
6 8.66025
6.5 9.52628
7 10.3923
7.5 11.2583
8 12.1244
9.5 14.7224
10 15.5885
11 17.3205
11.5 18.1865
12 19.0526
12.5 19.9186
2 0
2.5 0.866025
3.5 2.59808
4 3.4641
4.5 4.33013
5 5.19615
6 6.9282
7 8.66025
7.5 9.52628
8.5 11.2583
9 12.1244
9.5 12.9904
10 13.8564
10.5 14.7224
11.5 16.4545
12 17.3205
13 19.0526
13.5 19.9186
14 20.7846
3.5 0.866025
4 1.73205
4.5 2.59808
5 3.4641
5.5 4.33013
6 5.19615
6.5 6.06218
7.5 7.79423
8 8.66025
9 10.3923
9.5 11.2583
10.5 12.9904
11 13.8564
11.5 14.7224
12 15.5885
13.5 18.1865
14 19.0526
14.5 19.9186
15 20.7846
4 0
4.5 0.866025
5 1.73205
5.5 2.59808
6 3.4641
7 5.19615
7.5 6.06218
9 8.66025
9.5 9.52628
10 10.3923
10.5 11.2583
11 12.1244
12 13.8564
12.5 14.7224
13 15.5885
13.5 16.4545
15.5 19.9186
16 20.7846
5 0
6 1.73205
6.5 2.59808
7.5 4.33013
9 6.9282
10 8.66025
10.5 9.52628
11.5 11.2583
12.5 12.9904
13 13.8564
13.5 14.7224
14 15.5885
14.5 16.4545
15.5 18.1865
16 19.0526
16.5 19.9186
17 20.7846
6 0
6.5 0.866025
10.5 7.79423
11.5 9.52628
12 10.3923
13 12.1244
13.5 12.9904
15.5 16.4545
16 17.3205
17.5 19.9186
18 20.7846
7 0
7.5 0.866025
8 1.73205
8.5 2.59808
9 3.4641
10 5.19615
10.5 6.06218
12 8.66025
12.5 9.52628
13.5 11.2583
14 12.1244
14.5 12.9904
16 15.5885
16.5 16.4545
17.5 18.1865
18.5 19.9186
19 20.7846
8 0
9 1.73205
9.5 2.59808
10.5 4.33013
12 6.9282
13 8.66025
14 10.3923
14.5 11.2583
15 12.1244
16 13.8564
16.5 14.7224
17.5 16.4545
18 17.3205
19 19.0526
9 0
10 1.73205
11.5 4.33013
12 5.19615
12.5 6.06218
13 6.9282
13.5 7.79423
14 8.66025
14.5 9.52628
15 10.3923
15.5 11.2583
16 12.1244
16.5 12.9904
17 13.8564
17.5 14.7224
19 17.3205
19.5 18.1865
20 19.0526
21 20.7846
10 0
10.5 0.866025
11.5 2.59808
12 3.4641
12.5 4.33013
13.5 6.06218
14 6.9282
14.5 7.79423
16 10.3923
16.5 11.2583
17 12.1244
17.5 12.9904
18 13.8564
18.5 14.7224
20 17.3205
20.5 18.1865
21 19.0526
21.5 19.9186
22 20.7846
11 0
11.5 0.866025
12 1.73205
12.5 2.59808
13 3.4641
13.5 4.33013
14 5.19615
15.5 7.79423
16 8.66025
16.5 9.52628
17 10.3923
17.5 11.2583
18 12.1244
18.5 12.9904
19 13.8564
20 15.5885
20.5 16.4545
22 19.0526
22.5 19.9186
23 20.7846
12 0
13 1.73205
13.5 2.59808
14 3.4641
14.5 4.33013
15 5.19615
16 6.9282
16.5 7.79423
17 8.66025
17.5 9.52628
18.5 11.2583
19 12.1244
20.5 14.7224
21 15.5885
21.5 16.4545
22 17.3205
23.5 19.9186
24 20.7846
13.5 0.866025
14 1.73205
15.5 4.33013
16 5.19615
16.5 6.06218
17 6.9282
17.5 7.79423
18.5 9.52628
19 10.3923
19.5 11.2583
20 12.1244
21 13.8564
21.5 14.7224
22 15.5885
22.5 16.4545
23 17.3205
23.5 18.1865
24 19.0526
24.5 19.9186
14 0
14.5 0.866025
16 3.4641
17 5.19615
17.5 6.06218
18 6.9282
18.5 7.79423
19 8.66025
19.5 9.52628
20.5 11.2583
21 12.1244
21.5 12.9904
22.5 14.7224
23.5 16.4545
24 17.3205
24.5 18.1865
25 19.0526
25.5 19.9186
26 20.7846
15 0
16.5 2.59808
17 3.4641
18 5.19615
18.5 6.06218
19 6.9282
20 8.66025
20.5 9.52628
21 10.3923
21.5 11.2583
22 12.1244
22.5 12.9904
23 13.8564
23.5 14.7224
24 15.5885
24.5 16.4545
25 17.3205
25.5 18.1865
26 19.0526
16 0
16.5 0.866025
17.5 2.59808
19 5.19615
19.5 6.06218
20 6.9282
21 8.66025
21.5 9.52628
22 10.3923
22.5 11.2583
23 12.1244
23.5 12.9904
24 13.8564
24.5 14.7224
25 15.5885
25.5 16.4545
26 17.3205
26.5 18.1865
27 19.0526
27.5 19.9186
28 20.7846
17 0
17.5 0.866025
20.5 6.06218
21.5 7.79423
23 10.3923
24 12.1244
24.5 12.9904
25 13.8564
26 15.5885
26.5 16.4545
27 17.3205
27.5 18.1865
28 19.0526
29 20.7846
18.5 0.866025
19.5 2.59808
20 3.4641
21.5 6.06218
22.5 7.79423
23 8.66025
23.5 9.52628
24 10.3923
24.5 11.2583
26 13.8564
27 15.5885
27.5 16.4545
28 17.3205
28.5 18.1865
29 19.0526
19 0
20 1.73205
20.5 2.59808
21 3.4641
21.5 4.33013
22.5 6.06218
23 6.9282
24 8.66025
24.5 9.52628
25 10.3923
25.5 11.2583
26 12.1244
27 13.8564
27.5 14.7224
28.5 16.4545
29 17.3205
29.5 18.1865
30.5 19.9186
20.5 0.866025
21 1.73205
21.5 2.59808
22.5 4.33013
23 5.19615
24 6.9282
25.5 9.52628
26 10.3923
27 12.1244
27.5 12.9904
28.5 14.7224
29 15.5885
29.5 16.4545
30 17.3205
30.5 18.1865
22.5 2.59808
23.5 4.33013
24 5.19615
24.5 6.06218
25 6.9282
25.5 7.79423
26 8.66025
26.5 9.52628
27 10.3923
28 12.1244
28.5 12.9904
29 13.8564
29.5 14.7224
30 15.5885
30.5 16.4545
31 17.3205
31.5 18.1865
32.5 19.9186
33 20.7846
22 0
23 1.73205
23.5 2.59808
24.5 4.33013
25 5.19615
25.5 6.06218
26 6.9282
26.5 7.79423
27 8.66025
29 12.1244
30 13.8564
30.5 14.7224
31 15.5885
31.5 16.4545
32 17.3205
33.5 19.9186
23 0
23.5 0.866025
24 1.73205
24.5 2.59808
25.5 4.33013
26 5.19615
26.5 6.06218
28.5 9.52628
29.5 11.2583
30 12.1244
30.5 12.9904
31 13.8564
31.5 14.7224
32 15.5885
32.5 16.4545
33 17.3205
33.5 18.1865
34 19.0526
34.5 19.9186
35 20.7846
24 0
24.5 0.866025
25 1.73205
25.5 2.59808
26 3.4641
26.5 4.33013
29 8.66025
29.5 9.52628
30 10.3923
31 12.1244
31.5 12.9904
32 13.8564
32.5 14.7224
33 15.5885
33.5 16.4545
34.5 18.1865
35 19.0526
