0 0
1 1.73205
1.5 2.59808
2 3.4641
3.5 6.06218
4 6.9282
5 8.66025
5.5 9.52628
6 10.3923
7 12.1244
7.5 12.9904
8 13.8564
8.5 14.7224
9 15.5885
9.5 16.4545
11.5 19.9186
12 20.7846
1 0
1.5 0.866025
2 1.73205
2.5 2.59808
3 3.4641
3.5 4.33013
4.5 6.06218
5 6.9282
5.5 7.79423
6 8.66025
6.5 9.52628
7 10.3923
7.5 11.2583
10 15.5885
10.5 16.4545
11 17.3205
11.5 18.1865
12 19.0526
2.5 0.866025
3 1.73205
4.5 4.33013
5 5.19615
5.5 6.06218
6 6.9282
6.5 7.79423
7.5 9.52628
8 10.3923
8.5 11.2583
9 12.1244
9.5 12.9904
10 13.8564
11 15.5885
11.5 16.4545
13 19.0526
13.5 19.9186
14 20.7846
3 0
3.5 0.866025
4.5 2.59808
5 3.4641
5.5 4.33013
6.5 6.06218
7 6.9282
7.5 7.79423
8 8.66025
8.5 9.52628
9.5 11.2583
10 12.1244
11 13.8564
11.5 14.7224
12.5 16.4545
13.5 18.1865
14.5 19.9186
5 1.73205
5.5 2.59808
6 3.4641
7 5.19615
7.5 6.06218
8.5 7.79423
9 8.66025
10 10.3923
10.5 11.2583
11 12.1244
11.5 12.9904
12 13.8564
13 15.5885
14 17.3205
14.5 18.1865
16 20.7846
5 0
6 1.73205
6.5 2.59808
7 3.4641
9.5 7.79423
11 10.3923
12 12.1244
12.5 12.9904
14 15.5885
15.5 18.1865
16 19.0526
16.5 19.9186
17 20.7846
6 0
6.5 0.866025
7 1.73205
7.5 2.59808
8 3.4641
8.5 4.33013
9.5 6.06218
10 6.9282
11 8.66025
11.5 9.52628
12 10.3923
12.5 11.2583
13 12.1244
13.5 12.9904
14 13.8564
16.5 18.1865
17 19.0526
7 0
7.5 0.866025
8 1.73205
8.5 2.59808
9 3.4641
9.5 4.33013
11 6.9282
11.5 7.79423
12.5 9.52628
13 10.3923
14.5 12.9904
15 13.8564
15.5 14.7224
16 15.5885
16.5 16.4545
17 17.3205
17.5 18.1865
18.5 19.9186
19 20.7846
8.5 0.866025
9 1.73205
10 3.4641
11 5.19615
11.5 6.06218
12 6.9282
12.5 7.79423
13.5 9.52628
14 10.3923
14.5 11.2583
15 12.1244
16 13.8564
16.5 14.7224
17 15.5885
18 17.3205
18.5 18.1865
19 19.0526
19.5 19.9186
9 0
9.5 0.866025
10.5 2.59808
11.5 4.33013
12.5 6.06218
13 6.9282
13.5 7.79423
14 8.66025
15 10.3923
15.5 11.2583
16 12.1244
16.5 12.9904
17 13.8564
18 15.5885
19 17.3205
19.5 18.1865
20 19.0526
10 0
10.5 0.866025
12 3.4641
12.5 4.33013
13 5.19615
13.5 6.06218
14 6.9282
15 8.66025
15.5 9.52628
16 10.3923
16.5 11.2583
18 13.8564
19 15.5885
19.5 16.4545
20 17.3205
20.5 18.1865
21 19.0526
21.5 19.9186
22 20.7846
11 0
12.5 2.59808
13 3.4641
13.5 4.33013
14 5.19615
14.5 6.06218
15.5 7.79423
16 8.66025
17.5 11.2583
18 12.1244
18.5 12.9904
19 13.8564
19.5 14.7224
20 15.5885
22 19.0526
22.5 19.9186
23 20.7846
12 0
13 1.73205
13.5 2.59808
15 5.19615
15.5 6.06218
16 6.9282
16.5 7.79423
18 10.3923
19 12.1244
19.5 12.9904
21 15.5885
21.5 16.4545
22 17.3205
22.5 18.1865
23.5 19.9186
24 20.7846
13 0
14 1.73205
14.5 2.59808
15.5 4.33013
16.5 6.06218
17 6.9282
17.5 7.79423
18 8.66025
18.5 9.52628
19.5 11.2583
20 12.1244
20.5 12.9904
21 13.8564
21.5 14.7224
22 15.5885
22.5 16.4545
23 17.3205
23.5 18.1865
24 19.0526
24.5 19.9186
25 20.7846
15.5 2.59808
16 3.4641
16.5 4.33013
17 5.19615
17.5 6.06218
18.5 7.79423
19 8.66025
19.5 9.52628
20 10.3923
20.5 11.2583
21 12.1244
21.5 12.9904
22.5 14.7224
23.5 16.4545
24 17.3205
25 19.0526
25.5 19.9186
26 20.7846
15 0
15.5 0.866025
16 1.73205
17 3.4641
17.5 4.33013
18.5 6.06218
19 6.9282
20.5 9.52628
21 10.3923
21.5 11.2583
22 12.1244
22.5 12.9904
23 13.8564
24 15.5885
24.5 16.4545
25 17.3205
25.5 18.1865
26 19.0526
26.5 19.9186
27 20.7846
16 0
16.5 0.866025
17 1.73205
17.5 2.59808
18 3.4641
18.5 4.33013
19 5.19615
20 6.9282
20.5 7.79423
21 8.66025
21.5 9.52628
22.5 11.2583
23 12.1244
23.5 12.9904
24 13.8564
24.5 14.7224
25.5 16.4545
26 17.3205
26.5 18.1865
27 19.0526
27.5 19.9186
17 0
17.5 0.866025
18 1.73205
19 3.4641
21 6.9282
22.5 9.52628
23.5 11.2583
24 12.1244
26 15.5885
27 17.3205
27.5 18.1865
28 19.0526
28.5 19.9186
29 20.7846
18 0
18.5 0.866025
19.5 2.59808
21.5 6.06218
22 6.9282
22.5 7.79423
23 8.66025
23.5 9.52628
24 10.3923
24.5 11.2583
25 12.1244
25.5 12.9904
26 13.8564
26.5 14.7224
27 15.5885
27.5 16.4545
28.5 18.1865
29.5 19.9186
30 20.7846
20 1.73205
21 3.4641
22.5 6.06218
23 6.9282
24.5 9.52628
25 10.3923
25.5 11.2583
27 13.8564
27.5 14.7224
28 15.5885
28.5 16.4545
29 17.3205
29.5 18.1865
30 19.0526
20 0
20.5 0.866025
21 1.73205
21.5 2.59808
23 5.19615
23.5 6.06218
24.5 7.79423
25.5 9.52628
26.5 11.2583
27.5 12.9904
28 13.8564
28.5 14.7224
29 15.5885
29.5 16.4545
30 17.3205
30.5 18.1865
31 19.0526
31.5 19.9186
22 1.73205
22.5 2.59808
23 3.4641
23.5 4.33013
24.5 6.06218
25 6.9282
26 8.66025
26.5 9.52628
27.5 11.2583
28 12.1244
28.5 12.9904
29 13.8564
29.5 14.7224
31 17.3205
32 19.0526
32.5 19.9186
33 20.7846
22.5 0.866025
23 1.73205
23.5 2.59808
24 3.4641
24.5 4.33013
25 5.19615
25.5 6.06218
26.5 7.79423
27 8.66025
27.5 9.52628
28.5 11.2583
29.5 12.9904
30 13.8564
30.5 14.7224
31.5 16.4545
32 17.3205
32.5 18.1865
34 20.7846
23 0
24.5 2.59808
25 3.4641
25.5 4.33013
26.5 6.06218
27.5 7.79423
28.5 9.52628
29 10.3923
30.5 12.9904
31 13.8564
31.5 14.7224
32 15.5885
32.5 16.4545
33 17.3205
33.5 18.1865
34 19.0526
34.5 19.9186
24.5 0.866025
25 1.73205
25.5 2.59808
26 3.4641
27 5.19615
27.5 6.06218
28 6.9282
28.5 7.79423
29.5 9.52628
31 12.1244
31.5 12.9904
32.5 14.7224
33 15.5885
34 17.3205
35 19.0526
35.5 19.9186
36 20.7846
