0 0
0.5 0.866025
1 1.73205
2 3.4641
2.5 4.33013
3.5 6.06218
4 6.9282
5 8.66025
5.5 9.52628
6.5 11.2583
7.5 12.9904
8 13.8564
9 15.5885
10 17.3205
10.5 18.1865
12 20.7846
1 0
1.5 0.866025
3.5 4.33013
4 5.19615
4.5 6.06218
5 6.9282
6 8.66025
6.5 9.52628
7 10.3923
8 12.1244
8.5 12.9904
9 13.8564
9.5 14.7224
10 15.5885
10.5 16.4545
11 17.3205
11.5 18.1865
12 19.0526
12.5 19.9186
13 20.7846
2 0
2.5 0.866025
3 1.73205
3.5 2.59808
4 3.4641
4.5 4.33013
5 5.19615
6.5 7.79423
7.5 9.52628
8 10.3923
9 12.1244
10 13.8564
10.5 14.7224
11 15.5885
12.5 18.1865
14 20.7846
3 0
3.5 0.866025
5.5 4.33013
6 5.19615
6.5 6.06218
7 6.9282
7.5 7.79423
8 8.66025
8.5 9.52628
9 10.3923
9.5 11.2583
10 12.1244
10.5 12.9904
11 13.8564
11.5 14.7224
12 15.5885
12.5 16.4545
13 17.3205
13.5 18.1865
14 19.0526
14.5 19.9186
15 20.7846
4 0
4.5 0.866025
6 3.4641
7 5.19615
7.5 6.06218
8 6.9282
8.5 7.79423
9 8.66025
10 10.3923
10.5 11.2583
11 12.1244
11.5 12.9904
12.5 14.7224
13 15.5885
13.5 16.4545
14 17.3205
14.5 18.1865
15.5 19.9186
16 20.7846
6 1.73205
6.5 2.59808
7.5 4.33013
8 5.19615
8.5 6.06218
9.5 7.79423
10 8.66025
10.5 9.52628
11 10.3923
11.5 11.2583
12 12.1244
12.5 12.9904
13 13.8564
13.5 14.7224
14 15.5885
14.5 16.4545
15.5 18.1865
16 19.0526
16.5 19.9186
6.5 0.866025
7.5 2.59808
9 5.19615
11 8.66025
11.5 9.52628
12 10.3923
12.5 11.2583
13 12.1244
13.5 12.9904
14 13.8564
14.5 14.7224
15 15.5885
16 17.3205
16.5 18.1865
17 19.0526
18 20.7846
7.5 0.866025
8 1.73205
8.5 2.59808
9 3.4641
9.5 4.33013
10 5.19615
11 6.9282
11.5 7.79423
12 8.66025
12.5 9.52628
13 10.3923
13.5 11.2583
14.5 12.9904
15 13.8564
16.5 16.4545
17.5 18.1865
18 19.0526
18.5 19.9186
19 20.7846
8 0
9.5 2.59808
10 3.4641
10.5 4.33013
13 8.66025
14 10.3923
15 12.1244
17 15.5885
17.5 16.4545
18 17.3205
18.5 18.1865
19 19.0526
19.5 19.9186
9.5 0.866025
10 1.73205
10.5 2.59808
11 3.4641
11.5 4.33013
12 5.19615
12.5 6.06218
13 6.9282
13.5 7.79423
14 8.66025
15 10.3923
15.5 11.2583
16 12.1244
16.5 12.9904
17 13.8564
17.5 14.7224
18.5 16.4545
20 19.0526
21 20.7846
10 0
10.5 0.866025
11.5 2.59808
12 3.4641
12.5 4.33013
13 5.19615
13.5 6.06218
14.5 7.79423
15 8.66025
15.5 9.52628
16 10.3923
17.5 12.9904
18 13.8564
18.5 14.7224
19 15.5885
19.5 16.4545
20.5 18.1865
21 19.0526
21.5 19.9186
22 20.7846
11 0
11.5 0.866025
12 1.73205
12.5 2.59808
13 3.4641
13.5 4.33013
14 5.19615
15.5 7.79423
16 8.66025
16.5 9.52628
17 10.3923
17.5 11.2583
18.5 12.9904
19.5 14.7224
20 15.5885
20.5 16.4545
21 17.3205
21.5 18.1865
22 19.0526
22.5 19.9186
23 20.7846
12.5 0.866025
13 1.73205
13.5 2.59808
14 3.4641
15.5 6.06218
16 6.9282
17 8.66025
17.5 9.52628
18.5 11.2583
19 12.1244
19.5 12.9904
20 13.8564
20.5 14.7224
21 15.5885
21.5 16.4545
22 17.3205
23 19.0526
23.5 19.9186
24 20.7846
13 0
13.5 0.866025
14 1.73205
15 3.4641
16 5.19615
16.5 6.06218
17.5 7.79423
18.5 9.52628
19 10.3923
19.5 11.2583
20 12.1244
20.5 12.9904
21 13.8564
22 15.5885
23 17.3205
24 19.0526
24.5 19.9186
25 20.7846
14 0
14.5 0.866025
15 1.73205
16.5 4.33013
17 5.19615
17.5 6.06218
18 6.9282
18.5 7.79423
19.5 9.52628
20 10.3923
20.5 11.2583
21.5 12.9904
22 13.8564
23 15.5885
24 17.3205
25.5 19.9186
26 20.7846
15 0
15.5 0.866025
16 1.73205
16.5 2.59808
17.5 4.33013
18.5 6.06218
19 6.9282
19.5 7.79423
20 8.66025
20.5 9.52628
21 10.3923
21.5 11.2583
23 13.8564
23.5 14.7224
24.5 16.4545
25 17.3205
26 19.0526
26.5 19.9186
27 20.7846
16 0
16.5 0.866025
17 1.73205
17.5 2.59808
18 3.4641
18.5 4.33013
20 6.9282
21 8.66025
21.5 9.52628
22 10.3923
23 12.1244
23.5 12.9904
24 13.8564
24.5 14.7224
25 15.5885
25.5 16.4545
26 17.3205
26.5 18.1865
27.5 19.9186
17 0
17.5 0.866025
18 1.73205
18.5 2.59808
19 3.4641
19.5 4.33013
20 5.19615
20.5 6.06218
21 6.9282
22.5 9.52628
23 10.3923
23.5 11.2583
24 12.1244
24.5 12.9904
25 13.8564
26.5 16.4545
27 17.3205
27.5 18.1865
28 19.0526
28.5 19.9186
29 20.7846
18 0
19 1.73205
20 3.4641
21 5.19615
22 6.9282
22.5 7.79423
23 8.66025
24 10.3923
24.5 11.2583
25 12.1244
25.5 12.9904
26 13.8564
26.5 14.7224
27 15.5885
27.5 16.4545
28.5 18.1865
29.5 19.9186
30 20.7846
19 0
19.5 0.866025
20 1.73205
20.5 2.59808
21 3.4641
21.5 4.33013
22.5 6.06218
23 6.9282
24 8.66025
24.5 9.52628
25 10.3923
25.5 11.2583
26 12.1244
27 13.8564
27.5 14.7224
28 15.5885
28.5 16.4545
29.5 18.1865
30 19.0526
30.5 19.9186
31 20.7846
20 0
21 1.73205
22 3.4641
22.5 4.33013
23 5.19615
23.5 6.06218
24 6.9282
24.5 7.79423
25 8.66025
25.5 9.52628
26 10.3923
26.5 11.2583
27 12.1244
27.5 12.9904
28 13.8564
28.5 14.7224
29 15.5885
30 17.3205
30.5 18.1865
31.5 19.9186
32 20.7846
21.5 0.866025
22 1.73205
22.5 2.59808
23 3.4641
23.5 4.33013
25 6.9282
26 8.66025
27 10.3923
29 13.8564
29.5 14.7224
30 15.5885
30.5 16.4545
31 17.3205
31.5 18.1865
22 0
22.5 0.866025
23 1.73205
24 3.4641
25.5 6.06218
27 8.66025
27.5 9.52628
28.5 11.2583
29 12.1244
29.5 12.9904
30 13.8564
31 15.5885
31.5 16.4545
32 17.3205
32.5 18.1865
33 19.0526
33.5 19.9186
23 0
24.5 2.59808
25 3.4641
25.5 4.33013
26 5.19615
26.5 6.06218
27 6.9282
27.5 7.79423
28 8.66025
29 10.3923
29.5 11.2583
30 12.1244
30.5 12.9904
32.5 16.4545
34 19.0526
34.5 19.9186
35 20.7846
24 0
24.5 0.866025
25 1.73205
26.5 4.33013
27 5.19615
28.5 7.79423
29 8.66025
29.5 9.52628
30 10.3923
30.5 11.2583
31 12.1244
31.5 12.9904
32 13.8564
32.5 14.7224
33 15.5885
34 17.3205
34.5 18.1865
35 19.0526
35.5 19.9186
