0 0
0.5 0.866025
2 3.4641
2.5 4.33013
3 5.19615
3.5 6.06218
4 6.9282
4.5 7.79423
5 8.66025
6 10.3923
6.5 11.2583
7 12.1244
7.5 12.9904
9.5 16.4545
10 17.3205
11 19.0526
11.5 19.9186
12 20.7846
2 1.73205
3 3.4641
4 5.19615
4.5 6.06218
5.5 7.79423
6 8.66025
6.5 9.52628
8 12.1244
8.5 12.9904
9.5 14.7224
10 15.5885
10.5 16.4545
11 17.3205
11.5 18.1865
12 19.0526
12.5 19.9186
13 20.7846
2 0
2.5 0.866025
3 1.73205
3.5 2.59808
4 3.4641
4.5 4.33013
5.5 6.06218
7.5 9.52628
8 10.3923
8.5 11.2583
10.5 14.7224
11 15.5885
12 17.3205
12.5 18.1865
13.5 19.9186
14 20.7846
4 1.73205
4.5 2.59808
6 5.19615
6.5 6.06218
7 6.9282
7.5 7.79423
8 8.66025
8.5 9.52628
9 10.3923
9.5 11.2583
10 12.1244
10.5 12.9904
11 13.8564
11.5 14.7224
12 15.5885
12.5 16.4545
13 17.3205
13.5 18.1865
14 19.0526
4 0
4.5 0.866025
5.5 2.59808
6.5 4.33013
7 5.19615
7.5 6.06218
8 6.9282
8.5 7.79423
9 8.66025
11 12.1244
11.5 12.9904
12 13.8564
12.5 14.7224
13.5 16.4545
14 17.3205
14.5 18.1865
15.5 19.9186
16 20.7846
5 0
5.5 0.866025
7 3.4641
8 5.19615
8.5 6.06218
9.5 7.79423
10 8.66025
10.5 9.52628
11 10.3923
11.5 11.2583
12 12.1244
12.5 12.9904
13 13.8564
13.5 14.7224
14.5 16.4545
15 17.3205
15.5 18.1865
16.5 19.9186
17 20.7846
6 0
6.5 0.866025
7 1.73205
7.5 2.59808
8 3.4641
9 5.19615
9.5 6.06218
10 6.9282
11 8.66025
11.5 9.52628
12.5 11.2583
13 12.1244
13.5 12.9904
14 13.8564
14.5 14.7224
15 15.5885
15.5 16.4545
16 17.3205
16.5 18.1865
17 19.0526
18 20.7846
7 0
8 1.73205
8.5 2.59808
9.5 4.33013
10.5 6.06218
11 6.9282
12 8.66025
12.5 9.52628
13 10.3923
13.5 11.2583
14 12.1244
14.5 12.9904
15.5 14.7224
16.5 16.4545
17 17.3205
18 19.0526
18.5 19.9186
19 20.7846
8 0
9 1.73205
10 3.4641
11 5.19615
12.5 7.79423
13 8.66025
14 10.3923
14.5 11.2583
15.5 12.9904
17 15.5885
17.5 16.4545
18.5 18.1865
19.5 19.9186
9 0
10 1.73205
11 3.4641
11.5 4.33013
12 5.19615
12.5 6.06218
13 6.9282
13.5 7.79423
14 8.66025
14.5 9.52628
15 10.3923
16.5 12.9904
17 13.8564
17.5 14.7224
18 15.5885
19 17.3205
19.5 18.1865
20 19.0526
20.5 19.9186
21 20.7846
10 0
10.5 0.866025
11.5 2.59808
12.5 4.33013
13 5.19615
14 6.9282
14.5 7.79423
15 8.66025
16 10.3923
16.5 11.2583
17 12.1244
17.5 12.9904
18 13.8564
18.5 14.7224
19.5 16.4545
20 17.3205
20.5 18.1865
21.5 19.9186
22 20.7846
11 0
11.5 0.866025
12.5 2.59808
13 3.4641
13.5 4.33013
14.5 6.06218
15 6.9282
15.5 7.79423
16 8.66025
16.5 9.52628
17 10.3923
17.5 11.2583
18 12.1244
18.5 12.9904
19 13.8564
19.5 14.7224
20 15.5885
20.5 16.4545
21 17.3205
21.5 18.1865
22 19.0526
23 20.7846
12 0
12.5 0.866025
13.5 2.59808
15 5.19615
16 6.9282
16.5 7.79423
17 8.66025
17.5 9.52628
18 10.3923
18.5 11.2583
19 12.1244
19.5 12.9904
20.5 14.7224
21 15.5885
21.5 16.4545
22 17.3205
22.5 18.1865
24 20.7846
13 0
13.5 0.866025
14 1.73205
14.5 2.59808
15 3.4641
15.5 4.33013
16 5.19615
17 6.9282
18.5 9.52628
19.5 11.2583
20 12.1244
20.5 12.9904
21 13.8564
21.5 14.7224
22 15.5885
23.5 18.1865
24 19.0526
25 20.7846
14 0
15 1.73205
15.5 2.59808
16 3.4641
17 5.19615
18.5 7.79423
19 8.66025
19.5 9.52628
20 10.3923
21 12.1244
21.5 12.9904
22.5 14.7224
24 17.3205
24.5 18.1865
25 19.0526
25.5 19.9186
26 20.7846
15 0
15.5 0.866025
16.5 2.59808
17.5 4.33013
18 5.19615
18.5 6.06218
19.5 7.79423
20 8.66025
20.5 9.52628
21 10.3923
22 12.1244
22.5 12.9904
23 13.8564
23.5 14.7224
24 15.5885
24.5 16.4545
26 19.0526
26.5 19.9186
27 20.7846
16 0
16.5 0.866025
17 1.73205
18 3.4641
18.5 4.33013
19 5.19615
19.5 6.06218
20.5 7.79423
21 8.66025
22.5 11.2583
23 12.1244
23.5 12.9904
24 13.8564
25 15.5885
25.5 16.4545
26 17.3205
27.5 19.9186
19 3.4641
19.5 4.33013
20.5 6.06218
21.5 7.79423
22 8.66025
22.5 9.52628
23 10.3923
24.5 12.9904
25 13.8564
25.5 14.7224
26 15.5885
27 17.3205
27.5 18.1865
28 19.0526
29 20.7846
18 0
18.5 0.866025
19 1.73205
19.5 2.59808
22 6.9282
23 8.66025
23.5 9.52628
24.5 11.2583
25 12.1244
26.5 14.7224
27 15.5885
29 19.0526
29.5 19.9186
19 0
20 1.73205
21 3.4641
21.5 4.33013
22 5.19615
22.5 6.06218
23.5 7.79423
24 8.66025
24.5 9.52628
25 10.3923
26 12.1244
26.5 12.9904
27 13.8564
28.5 16.4545
29.5 18.1865
30 19.0526
31 20.7846
20 0
20.5 0.866025
21 1.73205
22 3.4641
22.5 4.33013
23.5 6.06218
24 6.9282
24.5 7.79423
25 8.66025
25.5 9.52628
26 10.3923
26.5 11.2583
27 12.1244
27.5 12.9904
28 13.8564
29.5 16.4545
30 17.3205
31 19.0526
31.5 19.9186
21 0
22 1.73205
23 3.4641
24.5 6.06218
25 6.9282
25.5 7.79423
26 8.66025
26.5 9.52628
27 10.3923
28 12.1244
30 15.5885
30.5 16.4545
31 17.3205
31.5 18.1865
32.5 19.9186
33 20.7846
22 0
23 1.73205
23.5 2.59808
25.5 6.06218
27 8.66025
27.5 9.52628
28 10.3923
28.5 11.2583
29 12.1244
29.5 12.9904
30 13.8564
30.5 14.7224
32 17.3205
33 19.0526
33.5 19.9186
34 20.7846
23 0
23.5 0.866025
24 1.73205
24.5 2.59808
25 3.4641
25.5 4.33013
26 5.19615
26.5 6.06218
27 6.9282
27.5 7.79423
28 8.66025
28.5 9.52628
29 10.3923
29.5 11.2583
30 12.1244
30.5 12.9904
31 13.8564
31.5 14.7224
32.5 16.4545
33 17.3205
33.5 18.1865
34.5 19.9186
35 20.7846
24 0
24.5 0.866025
25.5 2.59808
26.5 4.33013
28 6.9282
28.5 7.79423
29.5 9.52628
30 10.3923
30.5 11.2583
31 12.1244
32 13.8564
32.5 14.7224
33 15.5885
33.5 16.4545
34 17.3205
34.5 18.1865
35.5 19.9186
